-7.357347546703396635e-01,3.576120908749695460e+00,6.047513856609278093e+00
1.112474776392466280e+00,-2.326562804483355507e+00,-2.598038773080804997e+00
1.123225417043875796e+00,-3.610165444047614525e+00,-5.294352129834943632e+00
2.488513547442519624e-02,-1.596904164246781388e+00,-3.331376736908232328e+00
-1.156980789771040241e+00,1.449943444253183555e+00,6.369002471399871634e-01
-1.576163445990320211e+00,3.355114167947093939e+00,3.779549100270537920e+00
-9.525284177008258579e-01,2.994414061950964268e+00,4.316041561474695420e+00
3.338038163640422162e-01,7.121909599999529661e-01,2.192959684309415458e+00
1.498318210148708696e+00,-2.022461295385581614e+00,-1.120602324760249457e+00
1.824487811595566944e+00,-3.533786772882746341e+00,-3.594122123218388865e+00
1.090938796837842562e+00,-2.925305851526488699e+00,-3.822851911576556905e+00
-2.918177459966488918e-01,-5.832657148165572014e-01,-1.790362111886745433e+00
-1.518391129800240380e+00,2.080547719519566296e+00,1.199000044375959417e+00
-1.864077607783952262e+00,3.484784606105304494e+00,3.345398711192272501e+00
-1.118426065325538232e+00,2.820933740392418621e+00,3.430713160390761018e+00
2.842615974286108460e-01,5.211764882789519104e-01,1.508821203808397016e+00
1.520133420750296560e+00,-2.022064370004723166e+00,-1.183976040903574001e+00
1.866683339727830848e+00,-3.306621644140745886e+00,-3.016804516183309470e+00
1.134203950124643034e+00,-2.620540138835499189e+00,-2.954115854358869697e+00
-2.238024904345739530e-01,-4.473552859074611532e-01,-1.146182843104843974e+00
-1.388565534080170805e+00,1.859010986388501596e+00,1.219771907002167755e+00
-1.672688895601122772e+00,2.916720109557643159e+00,2.687732919605686721e+00
-9.322403777034362626e-01,2.151201997755261885e+00,2.428107144433801601e+00
3.561546918280755758e-01,1.140785077235943190e-01,7.090913227273135666e-01
1.396796754399989293e+00,-1.894812119215575352e+00,-1.325478695881719737e+00
1.565802701487225335e+00,-2.650229602460469014e+00,-2.404572051360792440e+00
7.877951392186096635e-01,-1.749863130041171777e+00,-1.920029491756507944e+00
-4.311331470311979830e-01,1.707498125817568380e-01,-2.680269670738087973e-01
-1.328502511603319780e+00,1.872385602496566603e+00,1.449560736662442340e+00
-1.361488172263165097e+00,2.305007742658461645e+00,2.149227147672996274e+00
-5.368063864748351399e-01,1.254616289405338314e+00,1.444274241852104845e+00
6.069798738857117293e-01,-5.544516833871889760e-01,-1.453258366295174797e-01
1.346843009185400897e+00,-1.948170582535039497e+00,-1.563388581659084009e+00
1.229907892664653168e+00,-2.057595779005450876e+00,-1.910728130805356306e+00
3.502446037251077948e-01,-8.576478242493930093e-01,-1.010386193519711373e+00
-7.212445133903256922e-01,8.427220568282325353e-01,5.078300415457590589e-01
-1.303768099417451198e+00,1.937554823889525046e+00,1.639417746027699518e+00
-1.036366526196742743e+00,1.735730573130780163e+00,1.661789264244044162e+00
-1.012640280474341181e-01,3.942189219028294778e-01,5.911365312502357972e-01
8.957844443016264036e-01,-1.195143909841224206e+00,-8.451554076565962470e-01
1.310247276271909289e+00,-1.985085548662015809e+00,-1.691342768107890748e+00
8.681037825271973318e-01,-1.448562344823495662e+00,-1.386542134161301565e+00
-1.536156273019288199e-01,7.363732541681558552e-02,-1.324307641084837284e-01
-1.087701376743148929e+00,1.571260381247331361e+00,1.225086249609837585e+00
-1.287076763382910327e+00,1.994333535986913652e+00,1.730291123131237674e+00
-5.473401518487142070e-01,9.449382322255496236e-01,9.498343392295175436e-01
6.997840471678571372e-01,-9.694156377473361896e-01,-6.675204381661040687e-01
1.531824385941798372e+00,-2.323508269943859172e+00,-1.910947946013711762e+00
9.447585936774112181e-01,-1.506455905995156330e+00,-1.345080003532226565e+00
-1.681802783755475872e+00,2.526560281942584307e+00,2.015064108096721984e+00
