-1.735407493627539210e+00,1.379873115709083553e+00,-2.705624792284522240e+00
1.049353025666062367e+00,-6.952636640300857707e-01,1.347677865587573409e+00
1.720257986931896133e+00,-1.307380874120967595e+00,2.458839794863088013e+00
8.396285972564894173e-01,-7.753057083201335686e-01,1.366044129037584209e+00
-5.815592629689393389e-01,2.426284429523674069e-01,-5.595608765466014711e-01
-1.539364144542256563e+00,1.039825645888894812e+00,-1.934228333498819064e+00
-1.477450570217249126e+00,1.166403365801230718e+00,-1.967417825711087254e+00
-4.959803613633040897e-01,6.021116556533639974e-01,-7.558835497246354507e-01
7.766916468006512808e-01,-2.871438727559214588e-01,8.806967466768820252e-01
1.578361840694205487e+00,-9.828289523614175405e-01,1.928319629435066629e+00
1.456485563776256376e+00,-1.110135377946521062e+00,1.777770496229631680e+00
5.156863557080456628e-01,-6.367854009517265323e-01,5.610325502464599268e-01
-6.646200375306270391e-01,1.300147556725659570e-01,-9.573301640431302051e-01
-1.386157713256266133e+00,7.377128371932359929e-01,-1.857598010072408545e+00
-1.246633739047227296e+00,8.549778497812023925e-01,-1.620115009561639452e+00
-3.673953509268127471e-01,4.543914391918634221e-01,-4.256304127321889896e-01
6.968932977556211439e-01,-1.907677680384763930e-01,9.739360571359992891e-01
1.304639746271723855e+00,-6.849309647605573703e-01,1.726826171571258728e+00
1.114915514027471133e+00,-7.502302905440941805e-01,1.401189559280019203e+00
2.811000829906989407e-01,-3.827958081436941828e-01,2.353627444849000772e-01
-6.612575499261419409e-01,1.633844409697394195e-01,-1.028106093741911531e+00
-1.134926838549342731e+00,5.460697541343690897e-01,-1.612824079147878509e+00
-8.747111256014757918e-01,5.471460597034643047e-01,-1.186370986002729389e+00
-7.711001364560662874e-02,1.966398376793151714e-01,-5.069323759605470076e-02
7.394374880590058874e-01,-2.622611554760754249e-01,1.065030666189324959e+00
1.067808787036063078e+00,-5.367994567213684176e-01,1.469952004848511073e+00
7.260864909711860493e-01,-4.688902525789573894e-01,9.392960607209817070e-01
-4.221498807150423499e-02,-1.248458985640089197e-01,-1.608855934902457818e-01
-7.368101051125771628e-01,2.600142314220413309e-01,-1.121278825684523195e+00
-9.238408102955000256e-01,4.394422828861082042e-01,-1.344046076304859394e+00
-5.060958241100778077e-01,3.124510180355629108e-01,-7.142626126225404271e-01
2.276871110911223295e-01,-2.066920593845695403e-02,3.425744536178671473e-01
7.984868689547079956e-01,-3.329607272362233306e-01,1.144497115627540085e+00
8.467720979741286680e-01,-4.224740419598564944e-01,1.190719402265308924e+00
3.573642852418648652e-01,-2.409529401837356422e-01,4.733808786332985852e-01
-3.404803886366785104e-01,8.164275284212102468e-02,-5.299401522320833502e-01
-7.919278905260577206e-01,3.282996940992058965e-01,-1.170553126397376742e+00
-7.103697680507444767e-01,3.390745119497365345e-01,-1.044600323854484758e+00
-1.582998609742815588e-01,1.138578501226386597e-01,-2.461261096876382060e-01
4.972778966159530079e-01,-1.910993356685997402e-01,6.993631948360184980e-01
8.234134872082188306e-01,-3.681912569592756812e-01,1.174362770712693349e+00
6.012275597984070297e-01,-2.958637131325194125e-01,8.658565434990616039e-01
-2.893721691862017123e-02,-2.015397727007850123e-02,-2.951080982953896079e-02
-6.487025248140457778e-01,2.716269668207917931e-01,-9.198167049403876971e-01
-8.225762153881754912e-01,3.699319370520984807e-01,-1.185738940582579115e+00
-3.855385491082137239e-01,1.836845804888452838e-01,-5.864292069891637871e-01
4.094536510156285281e-01,-1.803208381721285725e-01,5.311253413793146638e-01
9.689880320172582495e-01,-4.458278237360441265e-01,1.338841559793981562e+00
6.220415528424818596e-01,-2.891254429053486397e-01,8.950554801213773670e-01
-1.066797300453447894e+00,5.086398725095107043e-01,-1.416184045948934767e+00
