5.457131226250269584e+00,1.969446560783856048e+00,1.457903391249273284e+01
-2.067410010370098306e+00,-2.344926737701217956e+00,-8.016114634700867825e+00
-4.517028383665652846e+00,-2.563717875956274650e+00,-1.339324684010943933e+01
-2.992709364950810524e+00,-2.743872266632664259e-01,-6.530209394335343198e+00
2.660983000731937387e-01,2.280140347932435141e+00,4.231656825688526524e+00
2.892839016942856389e+00,3.248065706676804165e+00,1.102595601717888130e+01
3.418131444374747474e+00,2.009361153232112063e+00,9.932622302784594126e+00
1.810846133192351548e+00,-6.304926302361337775e-01,2.337530118758509801e+00
-7.255092271082925759e-01,-3.008771069351463545e+00,-6.510392521576307878e+00
-2.571590062893276851e+00,-3.631027789909270886e+00,-1.092137881073570327e+01
-2.663442965149037889e+00,-2.076666703303266637e+00,-8.223189659871062318e+00
-1.074266143783721317e+00,7.414399335065608998e-01,-2.780436896930501556e-01
1.104379972842872926e+00,3.122317981590791103e+00,7.789723487232017796e+00
2.480856592963305740e+00,3.608193792317184734e+00,1.084311854256276675e+01
2.229838796026951009e+00,1.881149553319713563e+00,6.951631556913548060e+00
5.783052132266630618e-01,-1.026553542945208841e+00,-1.410114460385557988e+00
-1.374029358523283673e+00,-3.349403175567116975e+00,-8.928389411320003077e+00
-2.370931300057752544e+00,-3.665374817812690367e+00,-1.080437397210969941e+01
-1.794889587742042991e+00,-1.773507560436791142e+00,-5.793924784817670925e+00
-4.333020404458036434e-02,1.173638187507114239e+00,2.984020158094677910e+00
1.741943435935182638e+00,3.373022288955356718e+00,9.993133713252305483e+00
2.410896702471160502e+00,3.481080757441340268e+00,1.076691011421922006e+01
1.536006447287176391e+00,1.444155585022966592e+00,4.742914695778974732e+00
-3.234163001976017582e-01,-1.468440288970389807e+00,-4.351400409825582294e+00
-1.984341685429796387e+00,-3.452475778334652468e+00,-1.081973147173088634e+01
-2.393913085355527048e+00,-3.289256858594340915e+00,-1.057421701028869876e+01
-1.293874819577269353e+00,-1.100486420692653233e+00,-3.718158722336422972e+00
6.225228586141527964e-01,1.733414898034018492e+00,5.498026319639955695e+00
2.154303407935003634e+00,3.439761543130002597e+00,1.132869933361331860e+01
2.350987010109033992e+00,2.962038864404519245e+00,1.013088590458142413e+01
1.104909301288915957e+00,6.165637852509394667e-01,2.648660910611413843e+00
-7.918990276259425531e-01,-2.112323251140777902e+00,-6.450567130796408755e+00
-2.154359590084576670e+00,-3.507696350038031596e+00,-1.149584495682353769e+01
-2.148877492456634286e+00,-2.697920089649571640e+00,-9.356451900570515789e+00
-8.065023828180377663e-01,-2.012867911786835606e-01,-1.391348370074959817e+00
1.011710057284521902e+00,2.402335812746539290e+00,7.409263945216403968e+00
2.165757337587761011e+00,3.465476566745035125e+00,1.154556399992092075e+01
1.951503470431877663e+00,2.310070813187804717e+00,8.440668295771780905e+00
5.316313197902694521e-01,-3.404199040945105059e-01,4.880383579904534058e-02
-1.179863386688724258e+00,-2.804621898890566012e+00,-8.354602047588134184e+00
-2.099085031074906293e+00,-3.491107208840858345e+00,-1.145094339590720445e+01
-1.653598564873183907e+00,-1.906785328119067202e+00,-7.208975727179223192e+00
-1.429811944509175037e-01,9.955349351404365610e-01,1.773240598870898133e+00
1.441082943015961293e+00,3.355806228300112437e+00,9.754751147191310423e+00
2.028487679246751885e+00,3.532584388328943170e+00,1.132914633304814167e+01
1.158881561443244390e+00,1.176349547050425715e+00,4.905650552002534859e+00
-6.503171104226787014e-01,-2.356507270951236688e+00,-5.773977769276603667e+00
-2.061790559738433615e+00,-4.486294522132560303e+00,-1.293436183949125784e+01
-1.516690061565104219e+00,-2.545781204716166979e+00,-8.211237084342705828e+00
2.036787794460613199e+00,4.997408385460427205e+00,1.349687064330256092e+01
