9.347691340831271845e+00,-2.201620041428657970e+00,-2.974515730738634289e+00
-4.447721690440645581e+00,1.251265996222221233e+00,1.369885455006213393e+00
-8.232566995547379918e+00,1.927936863984922145e+00,2.672573303179114568e+00
-4.615553315581693461e+00,7.830560649064182144e-01,1.588062114014020532e+00
1.726058931372287608e+00,-7.804524463783645283e-01,-5.024245768972640525e-01
6.180870440585357173e+00,-1.573568122698519867e+00,-2.105881667042684757e+00
6.218402696194247348e+00,-1.147143058894678047e+00,-2.275498314268584288e+00
2.288368786404124222e+00,9.241329791556746054e-02,-9.944272933898971045e-01
-2.839667423367406407e+00,1.236020624007502233e+00,9.099355849275759800e-01
-5.906724664799734903e+00,1.486666184116518963e+00,2.279047932093573703e+00
-5.126752073467467419e+00,6.720545926486947153e-01,2.292316571399121816e+00
-1.171679641161800234e+00,-6.532332950714911934e-01,9.303259493960949200e-01
3.355363021971069504e+00,-1.576949428139594156e+00,-1.021563606277377412e+00
5.596305706818016645e+00,-1.436058396268845794e+00,-2.428863314554826847e+00
4.218116680946202735e+00,-2.709269207421800552e-01,-2.463084877940771023e+00
2.021912587455153010e-01,1.175221414266564457e+00,-1.081575529514415601e+00
-3.827723323578246628e+00,1.926411522499722695e+00,9.437567439801245461e-01
-5.296630529924912345e+00,1.420427180452362492e+00,2.465981539308869319e+00
-3.312149582901607658e+00,-8.976505900259182380e-02,2.618462965694133615e+00
7.905665486675645948e-01,-1.657851257089404395e+00,1.309433987845319836e+00
4.328847492731965119e+00,-2.234608613281027445e+00,-7.270420493686684527e-01
5.006814872851125919e+00,-1.360248221270965008e+00,-2.350283080035104000e+00
2.391654332661300231e+00,4.933608123331046924e-01,-2.659435029571164399e+00
-1.812368588699139860e+00,2.175020784096167503e+00,-1.497256348509188983e+00
-4.865632109063585453e+00,2.567832189438656432e+00,4.719930992838636818e-01
-4.762802584698500041e+00,1.322336364037074663e+00,2.147020707231469316e+00
-1.533991729581954733e+00,-8.677050644632764431e-01,2.610506874862962956e+00
2.760348790019527598e+00,-2.650571286068246213e+00,1.633023317251710793e+00
5.342890147714555837e+00,-2.848791593265330935e+00,-2.181986974230225307e-01
4.504395018997753297e+00,-1.225677120464206071e+00,-1.913999569489891472e+00
7.176342720352035798e-01,1.308554378270330387e+00,-2.541075297362028973e+00
-3.638349466369335872e+00,3.210228446328821761e+00,-1.795133242868291568e+00
-5.777827764726540138e+00,3.243399629269732021e+00,-1.221745189278348742e-01
-4.284237006018131844e+00,1.273408296978478127e+00,1.553645512330382061e+00
-3.340553252795462613e-02,-1.592918744259717245e+00,2.347740561882973864e+00
4.329689626189840546e+00,-3.635687803614303437e+00,1.885623540994036285e+00
6.041851601036263730e+00,-3.558533984596646604e+00,4.755963768020532445e-01
3.968031891475347628e+00,-1.307013580681727571e+00,-1.091470572659232419e+00
-6.547166185575492570e-01,1.843268257718615688e+00,-1.985928181963760419e+00
-4.952356611322635160e+00,4.008754283284049258e+00,-1.776731693074278695e+00
-6.187224621883200548e+00,3.819561677558232837e+00,-6.337406572889398015e-01
-3.484654223320280408e+00,1.277951947695141532e+00,7.938363686967790933e-01
1.551258942553149334e+00,-2.169168760142807795e+00,1.737669714320669634e+00
5.734063387873617579e+00,-4.417478369075805489e+00,1.710110079815696738e+00
6.210359337218132048e+00,-3.932705487042968073e+00,7.429293382103061560e-01
2.308675032113126413e+00,-7.462739933122397584e-01,-6.369457345661216907e-01
-3.722013055220790179e+00,3.328291516152225515e+00,-1.659736451400475543e+00
-7.505908458057218624e+00,5.387536637709962939e+00,-1.655763734370330864e+00
-4.465917820621761791e+00,2.699036163041349745e+00,-3.282779081756042050e-01
8.080383420188933741e+00,-6.076614016872555979e+00,2.150555605884260757e+00
