8.727365424874400416e-15,8.727365424874400416e-15,4.750547495793766349e-16
-7.320561973289719204e-15,-7.320561973289719204e-15,-4.608251083839481568e-16
-8.166657900945123645e-15,-8.166657900945123645e-15,-3.796847615734260384e-16
-1.004573622802188563e-15,-1.004573622802188563e-15,1.035020083219292286e-16
5.993140533025420509e-15,5.993140533025420509e-15,4.196864807192479384e-16
7.507655033401787831e-15,7.507655033401787831e-15,3.138766773756284273e-16
3.130464800985506883e-15,3.130464800985506883e-15,-8.472572942383751878e-17
-3.401753534714427482e-15,-3.401753534714427482e-15,-4.243553901747186869e-16
-7.223252519223306012e-15,-7.223252519223306012e-15,-4.152352560675888676e-16
-5.706575941241455326e-15,-5.706575941241455326e-15,-4.854570180324280092e-17
-9.954182858375546753e-17,-9.954182858375546753e-17,3.966997686808926385e-16
5.517760727636350089e-15,5.517760727636350089e-15,5.619332327522428614e-16
7.155899305835290406e-15,7.155899305835290406e-15,2.840055056268111504e-16
3.694209093014429110e-15,3.694209093014429110e-15,-2.645469186758192597e-16
-2.380906010082836111e-15,-2.380906010082836111e-15,-6.817753706741335627e-16
-6.758904066718041525e-15,-6.758904066718041525e-15,-6.249587886928202296e-16
-6.348262132650559178e-15,-6.348262132650559178e-15,-7.795967993498272230e-17
-1.447967831818396503e-15,-1.447967831818396503e-15,6.045963894489229350e-16
4.472183313120536747e-15,4.472183313120536747e-15,9.271032086489670652e-16
7.224840806734872296e-15,7.224840806734872296e-15,6.082428609600570109e-16
4.863170910410845397e-15,4.863170910410845397e-15,-1.907082845966625286e-16
-9.432310891294451981e-16,-9.432310891294451981e-16,-9.427225416840967444e-16
-6.088073656318765276e-15,-6.088073656318765276e-15,-1.105073530101515141e-15
-6.932446247906157219e-15,-6.932446247906157219e-15,-5.092080322538995608e-16
-2.880361886292569286e-15,-2.880361886292569286e-15,4.884329134171458590e-16
3.198126286632849818e-15,3.198126286632849818e-15,1.220135495050228317e-15
6.998436423437360455e-15,6.998436423437360455e-15,1.157106703602311417e-15
5.830914252484716159e-15,5.830914252484716159e-15,2.909566709509677849e-16
5.281205397435500881e-16,5.281205397435500881e-16,-8.280506718416979338e-16
-5.143310759507249287e-15,-5.143310759507249287e-15,-1.442754859562919918e-15
-7.152335359330554320e-15,-7.152335359330554320e-15,-1.104765932539076566e-15
-4.064981441507323641e-15,-4.064981441507323641e-15,-1.198679003433266594e-18
1.930573857067067837e-15,1.930573857067067837e-15,1.144748664137231267e-15
6.566177235258033483e-15,6.566177235258033483e-15,1.549517863558146240e-15
6.518257644382973478e-15,6.518257644382973478e-15,9.071868269108112625e-16
1.778803884831936067e-15,1.778803884831936067e-15,-3.801563487433009096e-16
-4.308614966200768086e-15,-4.308614966200768086e-15,-1.450909052105827422e-15
-7.389786788841614073e-15,-7.389786788841614073e-15,-1.558718175711136952e-15
-5.187169742866619835e-15,-5.187169742866619835e-15,-5.913549650239045840e-16
8.333036591558299697e-16,8.333036591558299697e-16,8.237634740233996303e-16
6.411368464774517688e-15,6.411368464774517688e-15,1.716420500682273472e-15
7.448340631106970387e-15,7.448340631106970387e-15,1.425567264331608715e-15
2.962417342837675273e-15,2.962417342837675273e-15,7.864148066340041673e-17
-4.009692504457118767e-15,-4.009692504457118767e-15,-1.432924612880370169e-15
-8.290996544824181695e-15,-8.290996544824181695e-15,-1.999920126584211317e-15
-6.139119562834484847e-15,-6.139119562834484847e-15,-1.051256430276286994e-15
1.680712619780031039e-15,1.680712619780031039e-15,9.323381570588035224e-16
9.260134825895486478e-15,9.260134825895486478e-15,2.466378098768768778e-15
7.858266719685323771e-15,7.858266719685323771e-15,1.675014918272719113e-15
-1.001004647149542712e-14,-1.001004647149542712e-14,-2.838612211785471670e-15
