2.078138011765027660e+00,3.080007797168564210e+00,8.266519641315833056e+00
-7.521517516160587391e-01,-1.502157041190880671e+00,-3.280382556926385806e+00
-1.729516980619609567e+00,-2.790919879831826655e+00,-7.060917394982814344e+00
-1.205640106497010144e+00,-1.589514173004266784e+00,-4.664800371363876152e+00
2.691435335874597587e-02,5.797409021367180282e-01,5.074732128087223737e-01
1.087118695475810304e+00,2.162607781017185538e+00,4.762150883543220914e+00
1.383699310549651562e+00,2.252477535409496134e+00,5.707046162973582248e+00
8.394639882983818691e-01,9.300975586727558975e-01,3.160069871552062093e+00
-1.455260056336177277e-01,-9.056610435836810469e-01,-1.068387440517974518e+00
-9.651490058239520220e-01,-2.118618763014592066e+00,-4.378610713381283936e+00
-1.162024405670172289e+00,-2.005722660978063399e+00,-4.904097195845587009e+00
-6.723227433291676380e-01,-6.851825154992309264e-01,-2.519978159376904170e+00
1.676331591598309301e-01,1.007845277181043997e+00,1.196016973402954431e+00
8.435100602922384061e-01,2.042944444455363051e+00,3.979391362307169278e+00
9.742578802630481594e-01,1.816079133655418287e+00,4.242908913368524715e+00
5.268724010232597177e-01,4.996783768771931311e-01,1.977431209445642102e+00
-1.867628609079712565e-01,-1.082314892800632311e+00,-1.322899246117936523e+00
-7.180078853888957058e-01,-1.968966508785324532e+00,-3.627140720362382886e+00
-7.595827596722245501e-01,-1.646994865228597282e+00,-3.611285494610644076e+00
-3.224324878022068464e-01,-3.494010623600689036e-01,-1.419748589722638510e+00
2.908514098845532136e-01,1.106916459541181341e+00,1.495607091809103784e+00
6.894943739303216468e-01,1.834472429885378952e+00,3.322366699854974570e+00
6.409874628816348840e-01,1.417127694476630673e+00,3.009847831760315007e+00
2.061586570685795816e-01,1.484685974074504422e-01,8.728485488256635394e-01
-3.155338125683177508e-01,-1.170843250762294341e+00,-1.670983234452352750e+00
-5.872488913757256679e-01,-1.739473636657957956e+00,-3.030300267248184465e+00
-4.495624006856355770e-01,-1.245186463145850464e+00,-2.432337625238101708e+00
-1.296869562559476406e-02,-3.728370571050321908e-02,-3.607834927776227274e-01
4.251065369665798510e-01,1.113880789970838947e+00,1.808232642067150620e+00
5.789052923266811979e-01,1.507621790828433062e+00,2.709737240114940882e+00
3.576372165518075241e-01,9.416464514856677237e-01,1.844728843162807719e+00
-8.293776635005914444e-02,-1.844186441257890663e-01,-1.473350036094806526e-01
-4.491045429565727609e-01,-1.142819780221943526e+00,-1.944733412890158109e+00
-5.032552533355445501e-01,-1.344388306916807441e+00,-2.410617297697595696e+00
-2.163966294479091612e-01,-7.001734450866753390e-01,-1.307018749770950894e+00
2.176684627387824311e-01,3.437909017789802513e-01,5.899075847908177295e-01
5.121802103279927687e-01,1.108318927243090446e+00,2.024018097839730412e+00
4.747887562029693420e-01,1.118464814521988204e+00,2.080821020550832401e+00
1.312294790574995984e-01,3.975051341461096066e-01,7.653121224069605599e-01
-2.928335421110309644e-01,-5.626559817085411419e-01,-1.024085955765958067e+00
-5.184907699688041660e-01,-1.127175950875553001e+00,-2.093746916050225781e+00
-3.945242249147740132e-01,-9.288426261376232507e-01,-1.734243828347418415e+00
2.005268021230867045e-03,-1.048346370292307234e-01,-1.852738812406229951e-01
4.092551269095178190e-01,7.867553431798111063e-01,1.505369454102586824e+00
5.434990713872026591e-01,1.120105231299858506e+00,2.145103757903836783e+00
2.855611050016393371e-01,6.143017035009680216e-01,1.186389836895203942e+00
-2.177025566797328726e-01,-4.352440625608429148e-01,-8.200276579981540248e-01
-5.953942419018630750e-01,-1.238862091344537175e+00,-2.369958456120671464e+00
-4.165866238890200135e-01,-8.646643788683296972e-01,-1.673502061413329134e+00
6.083135967862118854e-01,1.323021565867270377e+00,2.502645206623088647e+00
